  0  0  1
  0  0  1
  0.01  0  1
  0.02  0  1
  0.03  0  1
  0.04  0  1
  0.05  0  1
  0.06  0  1
  0.07  0  1
  0.08  0  1
  0.09  0  1
  0.1  0  1
  0.11  0  1
  0.12  0  1
  0.13  0  1
  0.14  0  1
  0.15  0  1
  0.16  0  1
  0.17  0  1
  0.18  0  1
  0.19  0  1
  0.2  0  1
  0.21  0  1
  0.22  0  1
  0.23  0  1
  0.24  0  1
  0.25  0  1
  0.26  0  1.00394
  0.27  0  1.01571
  0.28  0  1.03511
  0.29  0  1.06185
  0.3  0  1.09549
  0.31  0  1.13552
  0.32  0  1.18129
  0.33  0  1.23209
  0.34  0  1.28711
  0.35  0  1.34549
  0.36  0  1.40631
  0.37  0  1.4686
  0.38  0  1.5314
  0.39  0  1.59369
  0.4  0  1.65451
  0.41  0  1.71289
  0.42  0  1.76791
  0.43  0  1.81871
  0.44  0  1.86448
  0.45  0  1.90451
  0.46  0  1.93815
  0.47  0  1.96489
  0.48  0  1.98429
  0.49  0  1.99606
  0.5  0  2
  0.51  0  1.99606
  0.52  0  1.98429
  0.53  0  1.96489
  0.54  0  1.93815
  0.55  0  1.90451
  0.56  0  1.86448
  0.57  0  1.81871
  0.58  0  1.76791
  0.59  0  1.71289
  0.6  0  1.65451
  0.61  0  1.59369
  0.62  0  1.5314
  0.63  0  1.4686
  0.64  0  1.40631
  0.65  0  1.34549
  0.66  0  1.28711
  0.67  0  1.23209
  0.68  0  1.18129
  0.69  0  1.13552
  0.7  0  1.09549
  0.71  0  1.06185
  0.72  0  1.03511
  0.73  0  1.01571
  0.74  0  1.00394
  0.75  0  1
  0.76  0  1
  0.77  0  1
  0.78  0  1
  0.79  0  1
  0.8  0  1
  0.81  0  1
  0.82  0  1
  0.83  0  1
  0.84  0  1
  0.85  0  1
  0.86  0  1
  0.87  0  1
  0.88  0  1
  0.89  0  1
  0.9  0  1
  0.91  0  1
  0.92  0  1
  0.93  0  1
  0.94  0  1
  0.95  0  1
  0.96  0  1
  0.97  0  1
  0.98  0  1
  0.99  0  1
  1  0  1

  0  0.099  1
  0.01  0.099  1
  0.02  0.099  1
  0.03  0.099  1
  0.04  0.099  1
  0.05  0.099  1
  0.06  0.099  1
  0.07  0.099  1
  0.08  0.099  1
  0.09  0.099  1
  0.1  0.099  1
  0.11  0.099  1
  0.12  0.099  1
  0.13  0.099  0.999998
  0.14  0.099  1.00001
  0.15  0.099  0.999991
  0.16  0.099  1.00001
  0.17  0.099  0.999993
  0.18  0.099  0.999986
  0.19  0.099  1.00005
  0.2  0.099  0.999951
  0.21  0.099  0.999977
  0.22  0.099  1.00012
  0.23  0.099  0.999944
  0.24  0.099  0.999814
  0.25  0.099  1.00016
  0.26  0.099  1.00032
  0.27  0.099  0.99978
  0.28  0.099  0.999337
  0.29  0.099  0.999952
  0.3  0.099  1.00115
  0.31  0.099  1.00139
  0.32  0.099  0.999726
  0.33  0.099  0.996863
  0.34  0.099  0.994848
  0.35  0.099  0.996097
  0.36  0.099  1.00259
  0.37  0.099  1.01555
  0.38  0.099  1.03553
  0.39  0.099  1.06259
  0.4  0.099  1.09645
  0.41  0.099  1.13664
  0.42  0.099  1.18256
  0.43  0.099  1.23348
  0.44  0.099  1.2886
  0.45  0.099  1.34705
  0.46  0.099  1.40792
  0.47  0.099  1.47024
  0.48  0.099  1.53303
  0.49  0.099  1.59529
  0.5  0.099  1.65606
  0.51  0.099  1.71436
  0.52  0.099  1.76928
  0.53  0.099  1.81996
  0.54  0.099  1.86559
  0.55  0.099  1.90546
  0.56  0.099  1.93893
  0.57  0.099  1.96547
  0.58  0.099  1.98468
  0.59  0.099  1.99624
  0.6  0.099  1.99998
  0.61  0.099  1.99583
  0.62  0.099  1.98387
  0.63  0.099  1.96427
  0.64  0.099  1.93734
  0.65  0.099  1.90354
  0.66  0.099  1.86334
  0.67  0.099  1.81745
  0.68  0.099  1.76654
  0.69  0.099  1.71136
  0.7  0.099  1.653
  0.71  0.099  1.5921
  0.72  0.099  1.52964
  0.73  0.099  1.46703
  0.74  0.099  1.40489
  0.75  0.099  1.34378
  0.76  0.099  1.28532
  0.77  0.099  1.23094
  0.78  0.099  1.1807
  0.79  0.099  1.13446
  0.8  0.099  1.09339
  0.81  0.099  1.05968
  0.82  0.099  1.0348
  0.83  0.099  1.01846
  0.84  0.099  1.00891
  0.85  0.099  1.00392
  0.86  0.099  1.00158
  0.87  0.099  1.00058
  0.88  0.099  1.0002
  0.89  0.099  1.00006
  0.9  0.099  1.00002
  0.91  0.099  1.00001
  0.92  0.099  1
  0.93  0.099  1
  0.94  0.099  1
  0.95  0.099  1
  0.96  0.099  1
  0.97  0.099  1
  0.98  0.099  1
  0.99  0.099  1
  1  0.099  1

  0  0.199  1.00004
  0.01  0.199  1.00001
  0.02  0.199  1.00001
  0.03  0.199  1
  0.04  0.199  1
  0.05  0.199  0.999999
  0.06  0.199  1
  0.07  0.199  0.999999
  0.08  0.199  1
  0.09  0.199  1
  0.1  0.199  0.999996
  0.11  0.199  1.00001
  0.12  0.199  0.999998
  0.13  0.199  0.999994
  0.14  0.199  1.00001
  0.15  0.199  0.999993
  0.16  0.199  0.999989
  0.17  0.199  1.00002
  0.18  0.199  0.999994
  0.19  0.199  0.999968
  0.2  0.199  1.00003
  0.21  0.199  1.00003
  0.22  0.199  0.999935
  0.23  0.199  0.999981
  0.24  0.199  1.0001
  0.25  0.199  1.00002
  0.26  0.199  0.999847
  0.27  0.199  0.999961
  0.28  0.199  1.00022
  0.29  0.199  1.00013
  0.3  0.199  0.999743
  0.31  0.199  0.999662
  0.32  0.199  1.00014
  0.33  0.199  1.00061
  0.34  0.199  1.00035
  0.35  0.199  0.999454
  0.36  0.199  0.99886
  0.37  0.199  0.999386
  0.38  0.199  1.00089
  0.39  0.199  1.00227
  0.4  0.199  1.00225
  0.41  0.199  1.00023
  0.42  0.199  0.996735
  0.43  0.199  0.993229
  0.44  0.199  0.99164
  0.45  0.199  0.993849
  0.46  0.199  1.00136
  0.47  0.199  1.01515
  0.48  0.199  1.03573
  0.49  0.199  1.0632
  0.5  0.199  1.09734
  0.51  0.199  1.13775
  0.52  0.199  1.18382
  0.53  0.199  1.23487
  0.54  0.199  1.29009
  0.55  0.199  1.34862
  0.56  0.199  1.40953
  0.57  0.199  1.47187
  0.58  0.199  1.53466
  0.59  0.199  1.59689
  0.6  0.199  1.65761
  0.61  0.199  1.71583
  0.62  0.199  1.77066
  0.63  0.199  1.82121
  0.64  0.199  1.86668
  0.65  0.199  1.9064
  0.66  0.199  1.9397
  0.67  0.199  1.96603
  0.68  0.199  1.98507
  0.69  0.199  1.99646
  0.7  0.199  1.99993
  0.71  0.199  1.99558
  0.72  0.199  1.9835
  0.73  0.199  1.96366
  0.74  0.199  1.93644
  0.75  0.199  1.90254
  0.76  0.199  1.86237
  0.77  0.199  1.8162
  0.78  0.199  1.76491
  0.79  0.199  1.70978
  0.8  0.199  1.65164
  0.81  0.199  1.59081
  0.82  0.199  1.52798
  0.83  0.199  1.46473
  0.84  0.199  1.40276
  0.85  0.199  1.34294
  0.86  0.199  1.28531
  0.87  0.199  1.22996
  0.88  0.199  1.1779
  0.89  0.199  1.13104
  0.9  0.199  1.09135
  0.91  0.199  1.06008
  0.92  0.199  1.03721
  0.93  0.199  1.02171
  0.94  0.199  1.01193
  0.95  0.199  1.00619
  0.96  0.199  1.00304
  0.97  0.199  1.00141
  0.98  0.199  1.00062
  0.99  0.199  1.00026
  1  0.199  1.0001

  0  0.299  1.06145
  0.01  0.299  1.03959
  0.02  0.299  1.02436
  0.03  0.299  1.01433
  0.04  0.299  1.00807
  0.05  0.299  1.00435
  0.06  0.299  1.00225
  0.07  0.299  1.00112
  0.08  0.299  1.00053
  0.09  0.299  1.00025
  0.1  0.299  1.00011
  0.11  0.299  1.00004
  0.12  0.299  1.00002
  0.13  0.299  1.00001
  0.14  0.299  0.999995
  0.15  0.299  1.00001
  0.16  0.299  1.00001
  0.17  0.299  0.999985
  0.18  0.299  1
  0.19  0.299  1.00002
  0.2  0.299  0.999989
  0.21  0.299  0.999973
  0.22  0.299  1.00002
  0.23  0.299  1.00003
  0.24  0.299  0.999962
  0.25  0.299  0.999957
  0.26  0.299  1.00005
  0.27  0.299  1.00006
  0.28  0.299  0.999936
  0.29  0.299  0.999897
  0.3  0.299  1.00006
  0.31  0.299  1.00016
  0.32  0.299  0.999996
  0.33  0.299  0.999777
  0.34  0.299  0.99987
  0.35  0.299  1.00021
  0.36  0.299  1.00034
  0.37  0.299  0.99999
  0.38  0.299  0.999533
  0.39  0.299  0.999557
  0.4  0.299  1.00017
  0.41  0.299  1.00079
  0.42  0.299  1.00073
  0.43  0.299  0.999838
  0.44  0.299  0.998777
  0.45  0.299  0.998475
  0.46  0.299  0.99942
  0.47  0.299  1.00125
  0.48  0.299  1.00291
  0.49  0.299  1.00325
  0.5  0.299  1.00158
  0.51  0.299  0.998095
  0.52  0.299  0.993783
  0.53  0.299  0.990193
  0.54  0.299  0.989064
  0.55  0.299  0.992004
  0.56  0.299  1.00028
  0.57  0.299  1.01475
  0.58  0.299  1.03587
  0.59  0.299  1.06374
  0.6  0.299  1.09819
  0.61  0.299  1.13882
  0.62  0.299  1.18506
  0.63  0.299  1.23625
  0.64  0.299  1.29158
  0.65  0.299  1.35017
  0.66  0.299  1.41113
  0.67  0.299  1.47352
  0.68  0.299  1.53629
  0.69  0.299  1.59848
  0.7  0.299  1.65916
  0.71  0.299  1.71733
  0.72  0.299  1.772
  0.73  0.299  1.82241
  0.74  0.299  1.86783
  0.75  0.299  1.90738
  0.76  0.299  1.9404
  0.77  0.299  1.96657
  0.78  0.299  1.98551
  0.79  0.299  1.99671
  0.8  0.299  1.99987
  0.81  0.299  1.99521
  0.82  0.299  1.98301
  0.83  0.299  1.96324
  0.84  0.299  1.93586
  0.85  0.299  1.90135
  0.86  0.299  1.86074
  0.87  0.299  1.8149
  0.88  0.299  1.7642
  0.89  0.299  1.70886
  0.9  0.299  1.64965
  0.91  0.299  1.58806
  0.92  0.299  1.52577
  0.93  0.299  1.46387
  0.94  0.299  1.40273
  0.95  0.299  1.34237
  0.96  0.299  1.28328
  0.97  0.299  1.22673
  0.98  0.299  1.17464
  0.99  0.299  1.12896
  1  0.299  1.09108

  0  0.399  1.58659
  0.01  0.399  1.52536
  0.02  0.399  1.46372
  0.03  0.399  1.40179
  0.04  0.399  1.34016
  0.05  0.399  1.2801
  0.06  0.399  1.22346
  0.07  0.399  1.17222
  0.08  0.399  1.12795
  0.09  0.399  1.09153
  0.1  0.399  1.06303
  0.11  0.399  1.04177
  0.12  0.399  1.02665
  0.13  0.399  1.01639
  0.14  0.399  1.00972
  0.15  0.399  1.00556
  0.16  0.399  1.00307
  0.17  0.399  1.00165
  0.18  0.399  1.00085
  0.19  0.399  1.00041
  0.2  0.399  1.0002
  0.21  0.399  1.00012
  0.22  0.399  1.00004
  0.23  0.399  0.999996
  0.24  0.399  1.00001
  0.25  0.399  1.00004
  0.26  0.399  0.999994
  0.27  0.399  0.999956
  0.28  0.399  1.00001
  0.29  0.399  1.00006
  0.3  0.399  1.00001
  0.31  0.399  0.999923
  0.32  0.399  0.999964
  0.33  0.399  1.00009
  0.34  0.399  1.00009
  0.35  0.399  0.999929
  0.36  0.399  0.999846
  0.37  0.399  0.999998
  0.38  0.399  1.0002
  0.39  0.399  1.00015
  0.4  0.399  0.999858
  0.41  0.399  0.999688
  0.42  0.399  0.999906
  0.43  0.399  1.00031
  0.44  0.399  1.00044
  0.45  0.399  1.00006
  0.46  0.399  0.999494
  0.47  0.399  0.999334
  0.48  0.399  0.999841
  0.49  0.399  1.00067
  0.5  0.399  1.0011
  0.51  0.399  1.00066
  0.52  0.399  0.999498
  0.53  0.399  0.998367
  0.54  0.399  0.998114
  0.55  0.399  0.999144
  0.56  0.399  1.00113
  0.57  0.399  1.00315
  0.58  0.399  1.0041
  0.59  0.399  1.00317
  0.6  0.399  1.0002
  0.61  0.399  0.995757
  0.62  0.399  0.991032
  0.63  0.399  0.987525
  0.64  0.399  0.98683
  0.65  0.399  0.99039
  0.66  0.399  0.999312
  0.67  0.399  1.01436
  0.68  0.399  1.03597
  0.69  0.399  1.06425
  0.7  0.399  1.099
  0.71  0.399  1.13985
  0.72  0.399  1.1863
  0.73  0.399  1.23765
  0.74  0.399  1.29305
  0.75  0.399  1.3517
  0.76  0.399  1.41276
  0.77  0.399  1.47518
  0.78  0.399  1.53791
  0.79  0.399  1.60004
  0.8  0.399  1.66069
  0.81  0.399  1.71884
  0.82  0.399  1.77342
  0.83  0.399  1.8236
  0.84  0.399  1.8688
  0.85  0.399  1.90834
  0.86  0.399  1.94137
  0.87  0.399  1.9672
  0.88  0.399  1.98562
  0.89  0.399  1.99663
  0.9  0.399  2.00004
  0.91  0.399  1.99545
  0.92  0.399  1.98266
  0.93  0.399  1.96207
  0.94  0.399  1.93447
  0.95  0.399  1.90052
  0.96  0.399  1.86044
  0.97  0.399  1.81427
  0.98  0.399  1.76249
  0.99  0.399  1.70626
  1  0.399  1.64715

  0  0.499  1.99461
  0.01  0.499  1.98156
  0.02  0.499  1.96144
  0.03  0.499  1.93441
  0.04  0.499  1.90038
  0.05  0.499  1.85943
  0.06  0.499  1.8122
  0.07  0.499  1.75993
  0.08  0.499  1.70413
  0.09  0.499  1.64601
  0.1  0.499  1.58625
  0.11  0.499  1.5251
  0.12  0.499  1.46273
  0.13  0.499  1.39968
  0.14  0.499  1.33713
  0.15  0.499  1.27682
  0.16  0.499  1.22069
  0.17  0.499  1.17052
  0.18  0.499  1.12755
  0.19  0.499  1.09232
  0.2  0.499  1.06463
  0.21  0.499  1.04377
  0.22  0.499  1.0287
  0.23  0.499  1.01824
  0.24  0.499  1.01122
  0.25  0.499  1.00668
  0.26  0.499  1.00387
  0.27  0.499  1.0022
  0.28  0.499  1.0012
  0.29  0.499  1.00061
  0.3  0.499  1.00031
  0.31  0.499  1.00019
  0.32  0.499  1.00012
  0.33  0.499  1.00001
  0.34  0.499  0.999962
  0.35  0.499  1.00002
  0.36  0.499  1.00008
  0.37  0.499  1.00002
  0.38  0.499  0.999913
  0.39  0.499  0.99992
  0.4  0.499  1.00006
  0.41  0.499  1.00014
  0.42  0.499  1.00002
  0.43  0.499  0.999837
  0.44  0.499  0.999839
  0.45  0.499  1.00007
  0.46  0.499  1.00027
  0.47  0.499  1.00016
  0.48  0.499  0.999821
  0.49  0.499  0.999616
  0.5  0.499  0.999818
  0.51  0.499  1.00028
  0.52  0.499  1.00055
  0.53  0.499  1.0003
  0.54  0.499  0.99968
  0.55  0.499  0.999203
  0.56  0.499  0.999349
  0.57  0.499  1.00012
  0.58  0.499  1.001
  0.59  0.499  1.0013
  0.6  0.499  1.00068
  0.61  0.499  0.999378
  0.62  0.499  0.99812
  0.63  0.499  0.997726
  0.64  0.499  0.998631
  0.65  0.499  1.00063
  0.66  0.499  1.00295
  0.67  0.499  1.00457
  0.68  0.499  1.00456
  0.69  0.499  1.00247
  0.7  0.499  0.998486
  0.71  0.499  0.993415
  0.72  0.499  0.988464
  0.73  0.499  0.9851
  0.74  0.499  0.98483
  0.75  0.499  0.988946
  0.76  0.499  0.998427
  0.77  0.499  1.01398
  0.78  0.499  1.03606
  0.79  0.499  1.06475
  0.8  0.499  1.0998
  0.81  0.499  1.14086
  0.82  0.499  1.18748
  0.83  0.499  1.23901
  0.84  0.499  1.29459
  0.85  0.499  1.35328
  0.86  0.499  1.41428
  0.87  0.499  1.47675
  0.88  0.499  1.53963
  0.89  0.499  1.60178
  0.9  0.499  1.66218
  0.91  0.499  1.72008
  0.92  0.499  1.77472
  0.93  0.499  1.82508
  0.94  0.499  1.87014
  0.95  0.499  1.90913
  0.96  0.499  1.9417
  0.97  0.499  1.96761
  0.98  0.499  1.98636
  0.99  0.499  1.99732
  1  0.499  2.00004

  0  0.599  1.7219
  0.01  0.599  1.77629
  0.02  0.599  1.82608
  0.03  0.599  1.87076
  0.04  0.599  1.90988
  0.05  0.599  1.94283
  0.06  0.599  1.96875
  0.07  0.599  1.98691
  0.08  0.599  1.99701
  0.09  0.599  1.99925
  0.1  0.599  1.99404
  0.11  0.599  1.98157
  0.12  0.599  1.96171
  0.13  0.599  1.93422
  0.14  0.599  1.89921
  0.15  0.599  1.85734
  0.16  0.599  1.80981
  0.17  0.599  1.75803
  0.18  0.599  1.7031
  0.19  0.599  1.64566
  0.2  0.599  1.58598
  0.21  0.599  1.52422
  0.22  0.599  1.46085
  0.23  0.599  1.39687
  0.24  0.599  1.33389
  0.25  0.599  1.27379
  0.26  0.599  1.21844
  0.27  0.599  1.16935
  0.28  0.599  1.12752
  0.29  0.599  1.09325
  0.3  0.599  1.06621
  0.31  0.599  1.04562
  0.32  0.599  1.03054
  0.33  0.599  1.0199
  0.34  0.599  1.01263
  0.35  0.599  1.00777
  0.36  0.599  1.00462
  0.37  0.599  1.00269
  0.38  0.599  1.00158
  0.39  0.599  1.00091
  0.4  0.599  1.00045
  0.41  0.599  1.00017
  0.42  0.599  1.00011
  0.43  0.599  1.00014
  0.44  0.599  1.00011
  0.45  0.599  0.999974
  0.46  0.599  0.999878
  0.47  0.599  0.999955
  0.48  0.599  1.00012
  0.49  0.599  1.00016
  0.5  0.599  0.999993
  0.51  0.599  0.999792
  0.52  0.599  0.99981
  0.53  0.599  1.00007
  0.54  0.599  1.00031
  0.55  0.599  1.00024
  0.56  0.599  0.999886
  0.57  0.599  0.999575
  0.58  0.599  0.999643
  0.59  0.599  1.00009
  0.6  0.599  1.00056
  0.61  0.599  1.0006
  0.62  0.599  1.0001
  0.63  0.599  0.999393
  0.64  0.599  0.999034
  0.65  0.599  0.99938
  0.66  0.599  1.0003
  0.67  0.599  1.00121
  0.68  0.599  1.0015
  0.69  0.599  1.00084
  0.7  0.599  0.999459
  0.71  0.599  0.998034
  0.72  0.599  0.99737
  0.73  0.599  0.997986
  0.74  0.599  0.999835
  0.75  0.599  1.00232
  0.76  0.599  1.00452
  0.77  0.599  1.00548
  0.78  0.599  1.0045
  0.79  0.599  1.0014
  0.8  0.599  0.996618
  0.81  0.599  0.991102
  0.82  0.599  0.98607
  0.83  0.599  0.982889
  0.84  0.599  0.982973
  0.85  0.599  0.987583
  0.86  0.599  0.997635
  0.87  0.599  1.0137
  0.88  0.599  1.03614
  0.89  0.599  1.06514
  0.9  0.599  1.10057
  0.91  0.599  1.14198
  0.92  0.599  1.18874
  0.93  0.599  1.24027
  0.94  0.599  1.29592
  0.95  0.599  1.35489
  0.96  0.599  1.4161
  0.97  0.599  1.47845
  0.98  0.599  1.54105
  0.99  0.599  1.60313
  1  0.599  1.66379

  0  0.699  1.14279
  0.01  0.699  1.18985
  0.02  0.699  1.24177
  0.03  0.699  1.29762
  0.04  0.699  1.35644
  0.05  0.699  1.41742
  0.06  0.699  1.47984
  0.07  0.699  1.54278
  0.08  0.699  1.60511
  0.09  0.699  1.66557
  0.1  0.699  1.72315
  0.11  0.699  1.77715
  0.12  0.699  1.82703
  0.13  0.699  1.87209
  0.14  0.699  1.91141
  0.15  0.699  1.94397
  0.16  0.699  1.9691
  0.17  0.699  1.98657
  0.18  0.699  1.99653
  0.19  0.699  1.99919
  0.2  0.699  1.99446
  0.21  0.699  1.98202
  0.22  0.699  1.96154
  0.23  0.699  1.93307
  0.24  0.699  1.89724
  0.25  0.699  1.85513
  0.26  0.699  1.80803
  0.27  0.699  1.75702
  0.28  0.699  1.70273
  0.29  0.699  1.64542
  0.3  0.699  1.58525
  0.31  0.699  1.52262
  0.32  0.699  1.45835
  0.33  0.699  1.39379
  0.34  0.699  1.33071
  0.35  0.699  1.27107
  0.36  0.699  1.21661
  0.37  0.699  1.1686
  0.38  0.699  1.12774
  0.39  0.699  1.09421
  0.4  0.699  1.06769
  0.41  0.699  1.04739
  0.42  0.699  1.0323
  0.43  0.699  1.02141
  0.44  0.699  1.01384
  0.45  0.699  1.00879
  0.46  0.699  1.00548
  0.47  0.699  1.00329
  0.48  0.699  1.00186
  0.49  0.699  1.00103
  0.5  0.699  1.00064
  0.51  0.699  1.00046
  0.52  0.699  1.00025
  0.53  0.699  1.00002
  0.54  0.699  0.999898
  0.55  0.699  0.999985
  0.56  0.699  1.00016
  0.57  0.699  1.0002
  0.58  0.699  1.00002
  0.59  0.699  0.999779
  0.6  0.699  0.999749
  0.61  0.699  0.999996
  0.62  0.699  1.0003
  0.63  0.699  1.00035
  0.64  0.699  1.00005
  0.65  0.699  0.999638
  0.66  0.699  0.999483
  0.67  0.699  0.99978
  0.68  0.699  1.00034
  0.69  0.699  1.00072
  0.7  0.699  1.00057
  0.71  0.699  0.999926
  0.72  0.699  0.999198
  0.73  0.699  0.99891
  0.74  0.699  0.99935
  0.75  0.699  1.00035
  0.76  0.699  1.00135
  0.77  0.699  1.0017
  0.78  0.699  1.0011
  0.79  0.699  0.999711
  0.8  0.699  0.998142
  0.81  0.699  0.997144
  0.82  0.699  0.997321
  0.83  0.699  0.998851
  0.84  0.699  1.00134
  0.85  0.699  1.00397
  0.86  0.699  1.00576
  0.87  0.699  1.00593
  0.88  0.699  1.00405
  0.89  0.699  1.00014
  0.9  0.699  0.994716
  0.91  0.699  0.98881
  0.92  0.699  0.983742
  0.93  0.699  0.980852
  0.94  0.699  0.981351
  0.95  0.699  0.986336
  0.96  0.699  0.99677
  0.97  0.699  1.01334
  0.98  0.699  1.03635
  0.99  0.699  1.06573
  1  0.699  1.10129

  0  0.799  0.98672
  0.01  0.799  0.981627
  0.02  0.799  0.97882
  0.03  0.799  0.979637
  0.04  0.799  0.985187
  0.05  0.799  0.996215
  0.06  0.799  1.01317
  0.07  0.799  1.03636
  0.08  0.799  1.06597
  0.09  0.799  1.10198
  0.1  0.799  1.14398
  0.11  0.799  1.19128
  0.12  0.799  1.24311
  0.13  0.799  1.29879
  0.14  0.799  1.35772
  0.15  0.799  1.41909
  0.16  0.799  1.48185
  0.17  0.799  1.54473
  0.18  0.799  1.60662
  0.19  0.799  1.66665
  0.2  0.799  1.72418
  0.21  0.799  1.77852
  0.22  0.799  1.82876
  0.23  0.799  1.87376
  0.24  0.799  1.91248
  0.25  0.799  1.94427
  0.26  0.799  1.96891
  0.27  0.799  1.98643
  0.28  0.799  1.99684
  0.29  0.799  1.99988
  0.3  0.799  1.99507
  0.31  0.799  1.98197
  0.32  0.799  1.96054
  0.33  0.799  1.93128
  0.34  0.799  1.8952
  0.35  0.799  1.85343
  0.36  0.799  1.80699
  0.37  0.799  1.75658
  0.38  0.799  1.7025
  0.39  0.799  1.6449
  0.4  0.799  1.584
  0.41  0.799  1.52045
  0.42  0.799  1.45546
  0.43  0.799  1.39062
  0.44  0.799  1.32777
  0.45  0.799  1.26872
  0.46  0.799  1.21509
  0.47  0.799  1.16805
  0.48  0.799  1.12814
  0.49  0.799  1.09532
  0.5  0.799  1.06913
  0.51  0.799  1.04892
  0.52  0.799  1.03384
  0.53  0.799  1.02293
  0.54  0.799  1.01518
  0.55  0.799  1.00975
  0.56  0.799  1.00606
  0.57  0.799  1.00372
  0.58  0.799  1.00234
  0.59  0.799  1.0015
  0.6  0.799  1.00086
  0.61  0.799  1.00036
  0.62  0.799  1.00007
  0.63  0.799  1.00007
  0.64  0.799  1.00022
  0.65  0.799  1.00027
  0.66  0.799  1.0001
  0.67  0.799  0.999824
  0.68  0.799  0.999691
  0.69  0.799  0.99986
  0.7  0.799  1.00021
  0.71  0.799  1.00042
  0.72  0.799  1.00028
  0.73  0.799  0.999848
  0.74  0.799  0.999472
  0.75  0.799  0.999479
  0.76  0.799  0.999923
  0.77  0.799  1.00052
  0.78  0.799  1.00083
  0.79  0.799  1.00056
  0.8  0.799  0.999819
  0.81  0.799  0.999055
  0.82  0.799  0.998791
  0.83  0.799  0.999265
  0.84  0.799  1.0003
  0.85  0.799  1.00138
  0.86  0.799  1.0019
  0.87  0.799  1.00146
  0.88  0.799  1.00012
  0.89  0.799  0.998407
  0.9  0.799  0.997084
  0.91  0.799  0.996812
  0.92  0.799  0.99787
  0.93  0.799  1.00008
  0.94  0.799  1.00288
  0.95  0.799  1.0054
  0.96  0.799  1.00671
  0.97  0.799  1.00609
  0.98  0.799  1.0033
  0.99  0.799  0.998621
  1  0.799  0.992774

  0  0.899  0.996916
  0.01  0.899  0.998743
  0.02  0.899  1.00153
  0.03  0.899  1.00447
  0.04  0.899  1.00662
  0.05  0.899  1.00724
  0.06  0.899  1.00588
  0.07  0.899  1.00245
  0.08  0.899  0.997195
  0.09  0.899  0.990832
  0.1  0.899  0.98447
  0.11  0.899  0.979441
  0.12  0.899  0.977031
  0.13  0.899  0.978318
  0.14  0.899  0.984182
  0.15  0.899  0.995412
  0.16  0.899  1.01269
  0.17  0.899  1.03642
  0.18  0.899  1.06664
  0.19  0.899  1.103
  0.2  0.899  1.14501
  0.21  0.899  1.19219
  0.22  0.899  1.24412
  0.23  0.899  1.30021
  0.24  0.899  1.35958
  0.25  0.899  1.4211
  0.26  0.899  1.48358
  0.27  0.899  1.54602
  0.28  0.899  1.6077
  0.29  0.899  1.66793
  0.3  0.899  1.72588
  0.31  0.899  1.78046
  0.32  0.899  1.83046
  0.33  0.899  1.87481
  0.34  0.899  1.91283
  0.35  0.899  1.94427
  0.36  0.899  1.96906
  0.37  0.899  1.98703
  0.38  0.899  1.99777
  0.39  0.899  2.00066
  0.4  0.899  1.99519
  0.41  0.899  1.9812
  0.42  0.899  1.959
  0.43  0.899  1.92942
  0.44  0.899  1.89352
  0.45  0.899  1.85233
  0.46  0.899  1.80652
  0.47  0.899  1.75641
  0.48  0.899  1.70214
  0.49  0.899  1.64391
  0.5  0.899  1.58222
  0.51  0.899  1.51796
  0.52  0.899  1.45245
  0.53  0.899  1.38747
  0.54  0.899  1.32494
  0.55  0.899  1.26666
  0.56  0.899  1.21398
  0.57  0.899  1.1678
  0.58  0.899  1.12854
  0.59  0.899  1.09624
  0.6  0.899  1.07051
  0.61  0.899  1.05057
  0.62  0.899  1.03545
  0.63  0.899  1.02423
  0.64  0.899  1.01616
  0.65  0.899  1.0106
  0.66  0.899  1.00692
  0.67  0.899  1.00449
  0.68  0.899  1.00279
  0.69  0.899  1.00156
  0.7  0.899  1.00077
  0.71  0.899  1.00044
  0.72  0.899  1.00042
  0.73  0.899  1.00044
  0.74  0.899  1.00029
  0.75  0.899  0.999967
  0.76  0.899  0.999706
  0.77  0.899  0.999723
  0.78  0.899  1.00002
  0.79  0.899  1.00037
  0.8  0.899  1.00046
  0.81  0.899  1.00017
  0.82  0.899  0.99968
  0.83  0.899  0.999358
  0.84  0.899  0.999492
  0.85  0.899  1.00004
  0.86  0.899  1.00066
  0.87  0.899  1.00091
  0.88  0.899  1.00058
  0.89  0.899  0.999795
  0.9  0.899  0.998988
  0.91  0.899  0.998655
  0.92  0.899  0.999084
  0.93  0.899  1.00015
  0.94  0.899  1.00135
  0.95  0.899  1.00204
  0.96  0.899  1.0018
  0.97  0.899  1.00063
  0.98  0.899  0.998915
  0.99  0.899  0.9973
  1  0.899  0.996467

  0  0.999  0.998902
  0.01  0.999  0.999921
  0.02  0.999  1.00116
  0.03  0.999  1.00206
  0.04  0.999  1.00216
  0.05  0.999  1.00125
  0.06  0.999  0.999565
  0.07  0.999  0.997684
  0.08  0.999  0.996377
  0.09  0.999  0.996257
  0.1  0.999  0.997535
  0.11  0.999  0.999961
  0.12  0.999  1.00295
  0.13  0.999  1.00576
  0.14  0.999  1.00758
  0.15  0.999  1.00769
  0.16  0.999  1.00562
  0.17  0.999  1.00137
  0.18  0.999  0.995441
  0.19  0.999  0.988779
  0.2  0.999  0.98248
  0.21  0.999  0.97765
  0.22  0.999  0.975377
  0.23  0.999  0.976767
  0.24  0.999  0.982903
  0.25  0.999  0.994679
  0.26  0.999  1.01262
  0.27  0.999  1.03685
  0.28  0.999  1.06722
  0.29  0.999  1.10354
  0.3  0.999  1.14563
  0.31  0.999  1.19318
  0.32  0.999  1.24564
  0.33  0.999  1.30209
  0.34  0.999  1.36143
  0.35  0.999  1.4226
  0.36  0.999  1.48474
  0.37  0.999  1.54718
  0.38  0.999  1.6092
  0.39  0.999  1.66986
  0.4  0.999  1.72795
  0.41  0.999  1.7822
  0.42  0.999  1.83153
  0.43  0.999  1.87526
  0.44  0.999  1.91304
  0.45  0.999  1.94467
  0.46  0.999  1.96986
  0.47  0.999  1.98812
  0.48  0.999  1.99874
  0.49  0.999  2.00105
  0.5  0.999  1.99471
  0.51  0.999  1.97989
  0.52  0.999  1.95729
  0.53  0.999  1.92783
  0.54  0.999  1.89242
  0.55  0.999  1.85176
  0.56  0.999  1.80627
  0.57  0.999  1.75616
  0.58  0.999  1.70152
  0.59  0.999  1.6426
  0.6  0.999  1.58006
  0.61  0.999  1.51509
  0.62  0.999  1.4493
  0.63  0.999  1.38452
  0.64  0.999  1.32252
  0.65  0.999  1.26488
  0.66  0.999  1.21292
  0.67  0.999  1.16753
  0.68  0.999  1.12909
  0.69  0.999  1.09743
  0.7  0.999  1.07196
  0.71  0.999  1.05195
  0.72  0.999  1.03667
  0.73  0.999  1.02541
  0.74  0.999  1.01738
  0.75  0.999  1.01174
  0.76  0.999  1.00773
  0.77  0.999  1.00485
  0.78  0.999  1.00288
  0.79  0.999  1.00171
  0.8  0.999  1.00116
  0.81  0.999  1.00092
  0.82  0.999  1.00069
  0.83  0.999  1.00031
  0.84  0.999  0.999896
  0.85  0.999  0.999683
  0.86  0.999  0.999817
  0.87  0.999  1.00019
  0.88  0.999  1.0005
  0.89  0.999  1.00046
  0.9  0.999  1.00006
  0.91  0.999  0.999553
  0.92  0.999  0.999295
  0.93  0.999  0.999502
  0.94  0.999  1.0001
  0.95  0.999  1.00074
  0.96  0.999  1.00101
  0.97  0.999  1.00066
  0.98  0.999  0.999818
  0.99  0.999  0.998939
  1  0.999  0.998539

